1;Fábrica Atlántica;1;2025-01-10;Enviado
2;Industrias Norte;1;2025-01-10;Devuelto
3;Metal Centro;2;2025-01-11;Enviado
4;LN-004;3;2025-01-12;Enviado
5;Fábrica Atlántica;4;2025-01-13;Devuelto
6;Industrias Norte;2025-01-14;Enviado
7;Metal Centro;4;2025-01-13;Devuelto
8;Textiles Levante;5;2025-01-14;Enviado